0,558.49,217.32,576.69,991.53,264.24,350.31,462.06,900.9,672.85,879.41,398.49,974.89,526.09,620.52,798.41,455.18,32.921,357.86,391.17,880.88,410.16,365.43,879.35,430.06,293.32,159.27,453.59,166.64,525.12,966.34,564.91,1000.7,395.13,812.6,247.7,325.11,492.07,797.16,503.84,682.15,650.8,751.7,907.42,129.69,807.1,135.93,327.64,696.36,705.28,813.24,75.799,616.29,514.3,735.27,392.87,340.52,769.26,870.78,684.47,37.125,843.95,197.41,131.26,555.06,886.78,622.28,742.47,903.99,327.16,584.17,653.67,755.91,833.27,195.07,410.51,230.7,847.46,393.58,549.19,832.09,242.14,970.57,595.84,244.43,689.01,813.76,665.35,521.32,233.15,307.74,683.19,633.18,989.54,198.61,757.88,381.71,158.72,448.98,769.01,82.489,563.02,415.27,599.31,318.45
558.49,0,367.5,599.64,960.54,686.24,741.74,948.09,973.34,756.32,1070.7,677.21,1018.6,32.45,292.86,1041.1,111.56,549.09,315.02,560.82,1058.5,519.17,627.61,902.18,590.52,692.99,436.55,424.27,441.97,505.78,964.18,45.064,1010.7,283.82,865.02,317.95,548.39,868.33,996.95,374.14,223.61,796.98,197.5,854.99,516.33,952.05,665.31,248.43,293.21,418.45,576.74,569.79,288.37,156.88,322.47,210.01,398.76,693.35,355.64,566.66,593.62,945.69,755.9,484.19,688.63,824.94,491.58,320.48,776.85,464.81,919.81,788.28,1127.5,449.19,636.51,783,353.2,1069.1,179.44,195.36,1058.4,448.53,985.81,580.67,542.22,215.54,548.66,974.82,285.74,325.35,287.56,888.65,106.02,1074.5,487.3,288.27,183.86,700.2,902.09,897.5,599.84,1031.9,840.56,237.05,848.3
217.32,367.5,0,603.24,1026,437.25,517.09,669.46,971.51,734.48,994.6,517.94,1037.5,335.61,511.51,930,280.65,222.28,290.11,291.26,990.95,447.98,318.85,929.68,497.33,458.56,69.581,433.83,74.594,525.5,1010.9,384.58,1051.3,309.49,871.04,135.1,243.92,661.66,912.39,450.78,534.18,736.53,564.99,929.77,247.6,901.56,301.22,194.49,569.24,621.89,758.17,207.03,506.54,299.36,607.89,178.91,162.33,773.93,708.34,664.97,254.4,923.33,406.32,217.22,626.99,904.39,590.28,612.24,897.01,356.17,742.32,734.86,932.86,722.93,369.65,573.65,14.604,972.91,236.46,417.14,958.76,116.07,1022,608.52,343.87,536.3,747.7,817,427.56,90.435,91.466,795.05,457.7,1068.4,272.48,610.82,183.65,337.76,645.58,855.08,237.6,767.22,600.34,474.47,534.53
576.69,599.64,603.24,0,423.89,427.27,402.3,621.86,382.39,156.72,475.3,271.63,439.98,585.41,368.46,463.67,518.74,544.11,333.87,892.63,461.14,166.79,904.18,328.18,163.33,403.1,619.77,185.15,635.01,94.118,407.73,563.96,448.83,340.65,275.72,472.85,838.62,438.05,407.2,226.17,505.18,208.68,682.47,332.54,447.02,353.22,704.97,452.01,447.69,327.98,323.96,647.8,369.43,702.13,467.31,636.45,758.21,196.21,664.59,158.99,582.24,347.62,688.59,450.43,126.52,310.52,162.01,479.69,333.59,255.87,429.7,196.82,621.88,475.39,447.9,393.95,601.65,481.55,477.2,417.57,473.15,713.53,419.94,40.147,338.3,523.5,348.79,447.94,319.12,516.86,621.15,312.61,574.77,483.33,379.07,540.82,572.56,714.41,547.08,298.29,659.17,654.9,478.97,407.23,637.48
991.53,960.54,1026,423.89,0,797.36,741.47,907.71,181.85,325.94,392.13,625.11,133.66,955.12,675.85,476.25,903.86,958.62,747.23,1316.1,366.4,587.67,1327.7,126.74,561.8,766.84,1043.6,596.43,1058.9,502.11,51.374,918.17,78.958,744.75,197.67,893.82,1262.5,699.01,399.56,606.21,796.35,378.16,979.4,105.63,862.6,310.22,1113.4,864,718.17,566.23,430.46,1065,679.48,1088.7,715.47,1042,1178.3,268.02,885.53,394.36,992.35,238.22,1075.7,869.88,443.43,135.95,471.5,726.09,212.2,678.88,630.32,367.83,729.64,643.86,837.68,704.97,1023.8,444.12,876.35,765.2,450.38,1137.2,80.933,417.98,747.58,814.6,471.33,586.4,679.65,938.35,1037.7,425.08,903.27,216.53,797.68,794.31,976.56,1117.6,832.09,298.8,1073.5,895.84,779.38,729.9,982.35
264.24,686.24,437.25,427.27,797.36,0,86.096,263.18,678.07,471.63,626.33,172.25,756.19,656.85,628.35,538.92,574.73,238.32,390.31,655.26,630.56,290.96,627.17,675.34,264.31,32.625,401.93,391.75,413.8,418.2,763.77,675.49,791.41,431.33,604.52,384.28,589.32,229.05,545.52,467.52,732.51,427.76,854.83,729.27,191.07,568.85,344.03,439.4,716.91,668.7,729.61,335.59,625.72,696.61,751.7,581.86,587.84,620.24,925.61,573,243.68,616.06,279.65,223.86,356.34,714.74,535.21,761.96,757.17,262.27,319.94,434.7,497.53,817.34,70.134,146.33,446.41,589.91,506.98,598.11,574.2,497.77,761.61,459.62,150.39,745.2,743.47,401.47,529.44,401.25,512.55,436.86,728.54,757.53,199.23,799.02,545.08,336.72,217.52,538.78,328.55,346.5,163.91,630.51,214.19
350.31,741.74,517.09,402.3,741.47,86.096,0,231.43,610.93,419.25,545.21,130.81,690.12,713.76,651.99,454.91,631.14,324.04,434.34,741.23,550.76,293.49,713.06,616.83,247.53,58.855,485.34,405.75,497.64,412.43,704.7,726.87,729.11,473.28,545.35,452.44,675.36,144.93,465.5,484.67,765.83,365.19,900.65,681.2,269.5,495.48,426.22,499.5,741.68,676.44,718.9,421.58,649.96,764.96,774.26,653.5,670.6,587.01,956.35,556.8,329.5,547.25,349.41,300.69,310.95,669.52,530.19,785.21,721.52,291.88,233.86,374.17,415.76,827.97,155.66,60.245,525.45,506.74,564.35,635.14,490.9,582.31,699.77,438.6,199.97,779.9,737.24,315.46,557.39,474.09,588.5,360.77,774.64,685.5,263.01,828.02,612.22,415.98,167.24,469.88,413.92,295.52,100.02,661.2,242.93
462.06,948.09,669.46,621.86,907.71,263.18,231.43,0,751.52,605.54,624.85,354.18,830.69,918.22,881.91,516.72,836.53,448.92,652.84,831.16,639.09,524.85,780.47,781.04,475.6,263.02,619.8,636.92,628.33,641.66,864.39,938.39,879.48,693.49,711.05,639.85,765.19,208.72,559.75,715.61,992.15,534.71,1118,864.97,439.08,620.64,472.4,700.22,971.42,907.6,943.73,513.07,879.72,948.46,1004.6,830.06,802.53,794.55,1184.1,779.7,428.47,685.77,348.79,472.77,514.54,858.54,758.8,1015.4,923.58,518.11,288.64,547.56,352.66,1059.3,313.29,227.92,680.92,572.22,768.65,859.1,556.65,702.81,852.41,660.14,412.63,1005.5,964.26,360.04,785.71,650.57,753.52,487.74,991.68,805.05,460.89,1056.4,799.69,444.95,77.116,613.24,492.75,103.32,142.9,888.62,168.14
900.9,973.34,971.51,382.39,181.85,678.07,610.93,751.52,0,237.08,212.58,510.24,79.837,962.01,710.6,294.75,899.12,868.32,715.24,1254.5,186.88,523.65,1254.5,94.857,478.55,645.92,977.43,567.54,992.61,474.92,130.64,934.68,130.31,723.02,108.34,846.88,1196,545.07,219.11,600.66,842.92,251.75,1027.5,211.53,776.58,134.28,1012,833.08,770.96,622.75,518.96,976.4,713.18,1083.5,777.31,1018.4,1130.9,309.95,964,423.96,895.6,65.79,957.15,790.16,348.55,231.68,488.46,789.1,333.38,615.36,466.2,247.46,549.2,731.7,728.35,566.14,971.81,262.67,859.51,782.86,268.58,1075.8,107.3,394.2,658.58,861.75,560.01,413.37,687.82,889.38,998.76,263.91,934.14,101.34,718.73,857.05,954.78,1010.9,678.27,141.59,980.31,729.27,632.56,759.53,843.97
672.85,756.32,734.48,156.72,325.94,471.63,419.25,605.54,237.08,0,321.36,299.4,304.88,741.79,518.08,324.1,673.87,639.99,481.88,1018.3,305.81,286.57,1020.7,207.11,244.54,441.42,741.6,338.12,756.82,250.59,295.09,720.65,327.89,493.1,139.94,610.06,960.58,400.49,258.97,382.83,654.79,82.871,835.02,262.57,545.87,197.02,790.51,598.96,592.01,458.42,407.85,747.59,519.58,856.08,607.22,785.02,893.85,207.1,803.3,260.11,670.88,193.86,749.79,557.11,118.53,253.47,298.86,619.59,321.92,378.39,357.25,67.175,520.26,594.61,512.2,388.68,734.74,333.56,629.61,573.52,327.1,839.42,297.74,180.87,428.58,673.4,442.43,347.71,475.32,652.39,762.46,185.24,730.08,335.34,485.09,683.9,722.35,793.2,528.45,141.85,753.83,613.58,468.62,560.24,661.89
879.41,1070.7,994.6,475.3,392.13,626.33,545.21,624.85,212.58,321.36,0,483.82,267.06,1053.9,839.38,110.16,981.6,848.93,778.69,1259.3,25.759,568.16,1244.3,299.29,504.67,594.09,985.51,646.94,999.98,567.03,340.83,1037,328.11,797.1,270.68,885.03,1196.2,437.4,82.673,700.4,976.01,274.26,1156.3,419.15,768.52,127.98,970.32,890.52,911.97,773.63,696.7,954.48,840.92,1158.9,925.33,1075.8,1156.9,480.71,1119.7,571.24,865.56,175.97,891.07,789.92,385.61,434.98,618.88,937.61,535.81,650.1,340.73,282.41,358.14,900.46,689.03,488.98,998.02,58.829,931.07,892.72,71.599,1086.3,312.93,502.14,655.26,994.66,735.85,264.82,794.14,922.93,1039.5,199.69,1050.1,205.41,724.42,1003.1,1016.7,961.18,560.61,182.09,951.71,579.08,533.06,881.4,748.7
398.49,677.21,517.94,271.63,625.11,172.25,130.81,354.18,510.24,299.4,483.82,0,587.28,652.32,546.68,412.37,570.89,367.08,362.21,775.56,483.71,180.96,761.66,503.45,122.28,142.23,503.08,297.61,517.29,288.37,591.91,655.76,620.46,395.86,432.9,423.59,712.36,199.1,401.18,376.72,669.23,258.58,818.39,558.07,284.74,409.12,502.36,451.14,636.19,557.34,590.27,474.19,545.28,725.63,666.25,624.84,679.29,457.03,854.84,427.15,388.69,450.08,451.13,307.18,185.07,544.51,404.88,677.74,592.34,212.41,243.28,264.29,450.4,709.7,218.12,129.71,523.05,456.97,508.04,545.44,442.35,603.78,590.53,308.37,174.19,684.73,610.13,306.44,458.71,455.47,573.8,285.52,694.56,594.16,245.46,725.87,574.01,500.63,282.31,373.62,474.57,401.18,212.44,563.29,370.33
974.89,1018.6,1037.5,439.98,133.66,756.19,690.12,830.69,79.837,304.88,267.06,587.28,0,1009.3,746.25,361.33,950.04,942.17,773.78,1322.8,241.78,589.77,1325.5,116.4,549.1,724.18,1046.3,623.94,1061.5,529.63,87.013,978.43,61.254,778.46,166.41,910.38,1265.4,624.63,289.69,649.82,874.83,328.79,1059.6,201.64,849.32,211.21,1088.1,891.94,799.92,648.95,530.08,1050.1,749.25,1135.3,802.57,1075.8,1195.4,335.06,982.97,457.69,970.71,145.43,1035.6,861.59,420.38,228.67,528.21,813.94,325.03,682.07,544.53,323.3,617.14,745.2,805.19,645.81,1037.1,322.51,914.17,825.39,330.93,1143.7,53.942,446.33,731.51,893.53,571.58,488.93,733.05,953.6,1060.6,343.37,972.6,83.808,789.72,882.39,1011.4,1087.8,757.73,221.34,1054.9,806.44,712.38,797.49,923.75
526.09,32.45,335.61,585.41,955.12,656.85,713.76,918.22,962.01,741.79,1053.9,652.32,1009.3,0,295.09,1021.6,82.63,516.84,290.69,535.59,1042.3,497.84,600.44,892.96,568.81,664.29,404.52,406.94,410.14,491.31,957.06,59.462,1003.2,261.79,853.69,286.17,520.89,841.91,979.16,361.47,240.3,779.76,229.44,849.78,485.23,936.63,632.99,218.08,305,422.11,580.17,537.45,290.34,144.92,336.6,181.91,372.36,687.31,383.15,560.76,561.27,932.49,723.49,452.91,670.34,819.96,484.4,335.7,775.54,440,895.32,771.53,1102.7,463.39,606.16,756.03,321.36,1050.7,149.91,192.48,1039.8,418.6,977.86,568.26,513.97,234.31,553.88,951.81,276.64,292.95,256.89,869.61,130.67,1063.3,457.71,308.82,152.02,667.81,873.16,882.39,567.48,1002.9,812.24,239.85,816.85
620.52,292.86,511.51,368.46,675.85,628.35,651.99,881.91,710.6,518.08,839.38,546.68,746.25,295.09,0,832.05,271.33,597.13,264.14,778.23,823.12,365.72,824.77,630.8,430.59,620.91,565.16,249.09,577.04,286.78,684.39,248.33,731.52,225.43,604.19,392.05,745.92,744.87,774.71,170.03,136.86,577.14,318.29,570.36,521.94,713.61,753.04,318.1,89.778,127.39,285.12,664.73,5.1641,438.89,123.36,434.25,615.28,412.94,308.69,288.58,646.14,693.43,800.71,500.84,484.29,539.93,223.29,133.69,485.31,366.12,767.24,565.1,971.44,214.3,605.57,673.47,501.4,849.29,281.92,107.08,841.3,623.09,708.65,337.75,481.21,155.37,260.21,802.35,101.8,428.7,471.85,680.29,227.57,809.73,461.68,179.95,374.05,779.16,818.75,658.38,689.44,944.27,749.55,55.824,831.74
798.41,1041.1,930,463.67,476.25,538.92,454.91,516.72,294.75,324.1,110.16,412.37,361.33,1021.6,832.05,0,945.48,769.2,737.31,1184.3,129,525.44,1163.8,367.49,456.69,507.52,914.69,618.18,928.67,548.85,425.27,1010.6,420.63,760.59,320.9,829.01,1119.9,336.08,79.02,680.45,968.63,255.16,1143.7,484.26,694.8,172.12,881.03,843.53,910.71,781.79,725.82,872.32,832.92,1116.5,928.38,1025.7,1091.6,513.18,1125.3,584.13,781.59,241.18,794.88,718.98,354.05,494.62,619.5,940.78,591.2,598.92,237.06,267.95,255.82,918.52,604.76,396.34,934.72,55.627,890.27,873.16,39.925,1015.2,401.18,496.55,586.54,986.85,762.53,157.25,774.93,864.1,982.1,153.24,1031.2,309.87,657.59,1003.5,969.7,869.37,454.59,209.46,867.15,468.95,431.95,869.01,645.95
455.18,111.56,280.65,518.74,903.86,574.73,631.14,836.53,899.12,673.87,981.6,570.89,950.04,82.63,271.33,945.48,0,443.35,210.49,515.68,970.91,420.38,571.29,834.26,490.67,581.8,346.76,336.19,354.55,424.9,902.29,109.75,947.74,185.06,791.09,210.02,491.25,759.55,905.54,300.36,257.72,707.35,296.76,799.4,405.76,866.72,569.02,137.26,305.45,397.17,551.78,473.66,266.21,185.44,341.89,163.75,350.81,636.08,427.78,510.98,489.26,866.33,652.21,374.02,596.58,770.2,432.77,343.99,734.09,358.85,814.08,699.87,1021.2,465.12,525.09,673.51,267.37,976.27,67.902,164.46,964.89,377.62,921.38,505.07,431.36,257.75,530.29,871.81,226.2,223.56,215.92,794.38,179.5,1000.4,375.75,333.25,108.83,602.37,790.78,813.1,502.96,920.56,729.66,221.3,738.28
32.921,549.09,222.28,544.11,958.62,238.32,324.04,448.92,868.32,639.99,848.93,367.08,942.17,516.84,597.13,769.2,443.35,0,333.41,417.49,850.04,377.7,395.4,846.45,397.14,266.24,171.4,423.62,181.03,493.6,933.43,553,967.84,371.81,779.76,233.75,351.96,467.16,766.57,475.91,663.53,618.44,740.08,874.64,97.111,775.29,165.39,312.2,674.69,678.71,783.95,108.09,593.01,514.16,713.43,392.89,356.57,737,853.67,653.37,49.083,811.58,210.33,101.49,522.26,854.09,592.1,720.98,871.96,295.57,557.67,621.17,733.25,808.94,168.37,384.02,234.68,817.76,379.84,529.32,802.47,261.53,937.7,563.61,211.53,671.1,785.29,638.16,497.08,224.92,310.25,652.16,619.73,957.25,166.64,738.71,376.27,184.65,430.94,736.8,115.17,548.39,393.48,578.01,313.07
357.86,315.02,290.11,333.87,747.23,390.31,434.34,652.84,715.24,481.88,778.69,362.21,773.78,290.69,264.14,737.31,210.49,333.41,0,579.96,769.61,212.03,607.53,660.99,281.09,390.89,327.12,151.11,341.11,246.03,737.21,294.7,780.12,41.908,609.41,155.26,533.95,554.88,700.75,161.45,346.42,505.6,466.52,647.5,259.04,668.55,492.03,118.16,344.86,350.02,473.03,407.3,260.17,380.37,382.91,303.26,432.78,488.1,540.33,375.4,382.32,675.72,536.81,236.78,393.25,620.79,300.18,391.3,607.73,149.84,604.85,499.6,812.52,475.58,354.45,471.16,284.76,770.07,153.03,210.08,758.16,405.99,751.87,330.61,240.22,357.62,466.88,661.39,163.67,199.68,290.45,587.55,340.37,815.59,203.76,417.32,240.57,516.55,599.24,616.55,430.04,728.92,534.28,250.44,579.81
391.17,560.82,291.26,892.63,1316.1,655.26,741.23,831.16,1254.5,1018.3,1259.3,775.56,1322.8,535.59,778.23,1184.3,515.68,417.49,579.96,0,1258.4,733.5,88.638,1217.2,776.36,683.7,277.2,725.08,262.11,816.58,1299.7,594.47,1339.3,595.54,1156.6,425.94,66.599,883.2,1176.6,739.06,769.74,1012.8,742.24,1220.7,490.82,1175.7,362.4,474.86,821.07,897.11,1040.9,323.98,773.09,423.58,857.53,356.07,164.98,1065.2,915.77,955.35,415.82,1203.3,493.75,470.12,906.77,1195.5,879.81,859.36,1187.6,641.08,975.03,1012.8,1145,980.41,585.64,801.34,295.34,1231.4,496.61,675.14,1216.4,179.28,1309.7,899.27,605.12,766.73,1026.9,1055.6,705.51,381.03,306.57,1060.3,665.95,1349.3,538.69,842.36,407.32,395.52,831.34,1132.2,339.85,934.44,804.23,733.45,668.73
880.88,1058.5,990.95,461.14,366.4,630.56,550.76,639.09,186.88,305.81,25.759,483.71,241.78,1042.3,823.12,129,970.91,850.04,769.61,1258.4,0,560.15,1245.2,274.17,498.27,598.14,983.66,635.46,998.24,553.68,315.09,1024.2,302.74,786.87,247.67,879.28,1195.7,447.89,85.264,686.91,959.55,264.08,1140.6,394.02,767.94,109.63,974.55,882.52,894.51,754.82,674.9,956.21,824.78,1149.3,907.11,1068.2,1153.3,458.98,1100.9,552.16,868.05,151.97,898.17,788.47,376.41,410.25,601.74,919.36,511.28,643.77,352.88,271.05,380.83,879.92,691.99,495.64,994,81.805,921.53,878.7,92.658,1084.3,287.28,486.64,653.54,978.24,714.31,279.71,780.25,917.84,1033.8,198.22,1035.7,182.28,721.96,985.2,1008.5,966.38,573.33,164.76,954.27,596.43,543.11,866.01,759.16
410.16,519.17,447.98,166.79,587.67,290.96,293.49,524.85,523.65,286.57,568.16,180.96,589.77,497.84,365.72,525.44,420.38,377.7,212.03,733.5,560.15,0,740.57,483.95,71.672,274.24,457.93,116.69,473.2,128.49,567.63,492.29,606.12,236.08,423.39,324.48,677.29,379.42,489.35,195.76,489.65,297.22,644.81,498.95,280.59,462.19,539.7,322.42,455.23,383.09,439.65,481.01,364.35,592.14,485.54,508.14,607.37,359.69,673.99,288.17,416.89,477.16,531.97,283.71,184.6,477.29,244.37,496.96,495.65,92.417,409.94,292.88,617.7,534.49,295.7,308.65,448.16,558.14,365.06,369.91,546.15,554.27,576.45,186.76,176.2,505.58,452.53,457.56,279.46,366.16,478.11,375.56,523.49,621.23,212.28,545.02,448.57,550.78,457.39,412.32,492.64,580.32,387.46,383.69,505.07
365.43,627.61,318.85,904.18,1327.7,627.17,713.06,780.47,1254.5,1020.7,1244.3,761.66,1325.5,600.44,824.77,1163.8,571.29,395.4,607.53,88.638,1245.2,740.57,0,1223.6,776.43,657.43,285.42,746.03,270.37,834.14,1308.1,658.16,1345.8,628.33,1160.3,452.39,80.073,851.18,1161.9,768.81,828.46,1008,814.73,1235.6,479.74,1168,308.11,511.87,874.44,939.07,1077,291.71,819.69,498.76,911.94,418.6,229.44,1084.3,983.21,980.2,383.55,1200.5,435.19,464.31,905.94,1211.7,906.98,914.72,1211.2,648.9,946.21,1009.4,1106.2,1032.1,559.43,773.24,326.55,1212.9,543.56,725.05,1197.5,203.23,1315.9,914.62,597.29,826.99,1066.1,1028.5,745.19,408.61,356.12,1047.1,731.06,1346.6,535.85,902.83,462.6,336.81,787.81,1127.3,300.35,883.6,767.22,783.36,614.53
879.35,902.18,929.68,328.18,126.74,675.34,616.83,781.04,94.857,207.11,299.29,503.45,116.4,892.96,630.8,367.49,834.26,846.45,660.99,1217.2,274.17,483.95,1223.6,0,449.77,644.32,941.86,510.45,957.13,415.72,88.464,862.05,122.24,664.19,71.541,800.66,1161.2,572.33,288.69,533.93,760.48,252.3,945.34,119.86,751.69,195.91,997.62,779.1,686.51,536.44,426.07,953.8,633.71,1019.6,690.69,961.96,1086,221.95,874.49,342.26,877.91,126.92,954.58,761.53,325.63,137.48,411.93,702.27,239.24,576.32,505.04,242.66,615.28,639.88,718.56,579,928.68,343.84,799.44,709.04,347.16,1038,92.495,331.76,634.93,779.23,467.33,464.8,616.68,844.4,949.29,300.2,856.73,182.31,689.27,770.56,897.3,1000.1,705.36,175.21,960.59,770.63,652.79,681.63,856.83
430.06,590.52,497.33,163.33,561.8,264.31,247.53,475.6,478.55,244.54,504.67,122.28,549.1,568.81,430.59,456.69,490.67,397.14,281.09,776.36,498.27,71.672,776.43,449.77,0,241.3,499.18,183.88,514.32,166.19,536.39,563.93,571.57,307.05,384.42,381.14,717.46,315.52,424.42,261,557.7,239.35,715.63,481.17,301.93,404.72,552.24,387.55,519.39,435.26,471.64,504.15,429.61,659.87,547.98,571.67,658.89,358.31,739.28,310.92,430.69,427.12,527.07,312.58,130.42,462.86,283.24,559.69,495.77,145.5,339.72,237.57,547,587.67,285.85,251.92,499.09,491.41,433.81,440.54,478.91,598.18,541.49,195.44,185.81,574.03,489.74,385.92,348.41,420.47,535.69,308.87,594.84,572.94,240.63,610.5,513.91,558.49,404.49,357.76,511.79,522.93,334.53,451.94,476.05
293.32,692.99,458.56,403.1,766.84,32.625,58.855,263.02,645.92,441.42,594.09,142.23,724.18,664.29,620.91,507.52,581.8,266.24,390.89,683.7,598.14,274.24,657.43,644.32,241.3,0,426.51,379.85,438.85,399.61,732.71,680.2,759.89,431.11,573.35,397.53,618.02,203.78,513.15,457.13,729.18,395.96,857.11,700.19,211.02,536.25,376.4,448.17,710.07,655.4,710.29,365.73,618.51,710.31,744.05,597.48,611.74,594.42,921.42,551.73,274.29,583.74,311.42,242.61,327.13,686.25,517.29,754.59,730.93,255.58,291.47,403.17,474.38,805.3,98.26,117.99,467.08,558.17,514.44,596.13,542.5,523.65,730.14,436.64,151.53,742.46,725.58,372.07,523.5,417.47,530.97,404.25,730.82,725.01,209.11,793.99,557.95,369.34,209.32,506.42,359.65,339.27,148.94,625.92,234.75
159.27,436.55,69.581,619.77,1043.6,401.93,485.34,619.8,977.43,741.6,985.51,503.08,1046.3,404.52,565.16,914.69,346.76,171.4,327.12,277.2,983.66,457.93,285.42,941.86,499.18,426.51,0,461.12,15.269,548.72,1025.3,452.37,1064,352.78,880.28,175.3,219.36,630.17,902.89,488.32,596.95,735.84,633.97,950.58,220.63,899.18,231.84,247.43,627.72,670.08,799.96,138.37,560.32,366.52,666.68,247.2,186.26,798.94,774.4,696.01,195.37,926.11,340.38,195.9,629.58,926.47,624.04,671.69,926.29,365.66,715.91,735.65,899.43,778.47,332.25,543.95,84.161,960.04,297.88,475.39,945.38,100.76,1034.4,629.35,330.26,600.02,792.35,793.55,476.09,136.48,159.18,785.99,525.07,1072.1,262.17,673.79,252.76,268.66,601.96,855.21,168.91,719.71,561.91,531.62,477.47
453.59,424.27,433.83,185.15,596.43,391.75,405.75,636.92,567.54,338.12,646.94,297.61,623.94,406.94,249.09,618.18,336.19,423.62,151.11,725.08,635.46,116.69,746.03,510.45,183.88,379.85,461.12,0,475.96,94.959,586.12,392.55,629.15,155.55,460.68,299.48,675.55,496.08,572.68,79.385,373.87,372.89,533.96,497.51,331.2,530.6,588.97,268.87,338.7,277.35,361.11,516.11,247.67,517.99,369.59,451.83,582.31,340.12,557.3,235.68,468.95,531.36,604.41,322.4,264.63,471.35,168.79,380.86,465.18,137.56,523.4,364.61,730.14,425.69,382.13,424.6,430.2,644.89,292.16,259.05,634.4,548.08,601.02,179.52,254.88,390.15,365.71,565.86,164.75,344.38,441.31,465.22,415.75,668.45,261.28,428.34,387.61,606.54,571.51,476.91,533.6,695.87,501.89,268.06,602.85
166.64,441.97,74.594,635.01,1058.9,413.8,497.64,628.33,992.61,756.82,999.98,517.29,1061.5,410.14,577.04,928.67,354.55,181.03,341.11,262.11,998.24,473.2,270.37,957.13,514.32,438.85,15.269,475.96,0,563.78,1040.6,459.11,1079.3,366.12,895.52,188.43,204.09,642.35,917.34,502.42,606.34,750.82,639.47,965.77,234.22,914.06,230.13,259.02,638.49,682.98,813.76,138.7,572.17,366.74,677.38,248.72,175.58,813.98,782.33,710.72,201.98,941.2,342.6,210.16,644.71,941.62,638.53,682.2,941.14,380.93,728.75,750.69,911.17,790.02,343.94,556.47,88.775,974.22,307.52,486.14,959.52,86.526,1049.6,644.51,344.75,609.05,805.79,806.72,488.83,148.46,160.79,800.5,532.14,1087.2,276.98,683.13,258.13,267.55,611.96,870.21,168.96,728.71,573,542.69,483.86
525.12,505.78,525.5,94.118,502.11,418.2,412.43,641.66,474.92,250.59,567.03,288.37,529.63,491.31,286.78,548.85,424.9,493.6,246.03,816.58,553.68,128.49,834.14,415.72,166.19,399.61,548.72,94.959,563.78,0,491.19,470.58,534.19,248.86,367.4,392.16,765.4,476.79,496.57,133.38,421.83,296.23,594.89,404.34,397.58,446.47,658.18,363.83,371.12,271.1,311.5,592.15,287.03,608.74,395.21,546.28,676.22,250.27,591.07,161.43,535.93,441.64,658.51,394.75,197.71,378.93,117.95,407.37,380.68,198.04,486.14,285.85,687.16,423.35,423.96,417.79,522.57,570.34,384.94,326.1,561.1,638.57,506.11,84.582,302.09,439.68,326.03,516.4,227.44,436.89,536.01,395.98,483.95,576.11,327.14,464.27,481.76,672.04,570.66,391.77,606.92,687.92,500.71,320.4,632.37
966.34,964.18,1010.9,407.73,51.374,763.77,704.7,864.39,130.64,295.09,340.83,591.91,87.013,957.06,684.39,425.27,902.29,933.43,737.21,1299.7,315.09,567.63,1308.1,88.464,536.39,732.71,1025.3,586.12,1040.6,491.19,0,922.71,47.271,737.58,159.49,880.37,1244.6,655.93,348.93,602.57,809.02,339.7,993.22,121.17,838.25,260.52,1085.5,854.89,732.25,580.33,452.93,1040.5,687.74,1087.7,732.19,1035.6,1165.6,271.75,907.85,398.02,965.48,188.58,1043,847.29,413.61,150.57,472.76,743.21,241.5,659.71,584.4,330.58,679.12,667.91,806.91,665.88,1009.4,392.75,871.25,769.35,399.08,1120.5,33.159,406.61,721.92,827.53,494.32,538.04,680.53,924.51,1027,379.2,911.86,170.82,774.99,811.68,970.46,1088.3,789.31,252.57,1047.8,849.6,738.38,737.3,944.04
564.91,45.064,384.58,563.96,918.17,675.49,726.87,938.39,934.68,720.65,1037,655.76,978.43,59.462,248.33,1010.6,109.75,553,294.7,594.47,1024.2,492.29,658.16,862.05,563.93,680.2,452.37,392.55,459.11,470.58,922.71,0,969.35,259.98,826.45,319.46,578.42,849.58,964.44,337.82,181.46,764.05,187.09,812.56,512.63,917.02,677.49,244.32,248.87,373.56,531.82,581.98,243.91,200.15,279.04,239.64,430.79,651.46,327.03,524.83,599.01,908.58,761.97,481.54,657.15,782.42,450.63,277.58,732.91,444.05,897.12,754.84,1105.3,405.88,629.2,765.62,370.7,1037.1,174.62,153.37,1026.8,473.19,944.82,543.37,528.74,174.95,503.61,949.5,247.01,332.91,310.55,857.76,73.871,1035.6,477.96,249.35,203.05,711.28,889.51,862.21,611.54,1019.5,826.39,192.51,845.49
1000.7,1010.7,1051.3,448.83,78.958,791.41,729.11,879.48,130.31,327.89,328.11,620.46,61.254,1003.2,731.52,420.63,947.74,967.84,780.12,1339.3,302.74,606.12,1345.8,122.24,571.57,759.89,1064,629.15,1079.3,534.19,47.271,969.35,0,781.52,188.59,921.67,1283.4,672,347.37,647.71,856.29,364.33,1040.5,167.51,873.41,264.59,1117.7,898.02,779.5,627.57,499.16,1075.4,734.84,1133.2,779.32,1079.6,1207,318.75,954.3,444.82,998.6,194.86,1071.1,883.61,446.1,197.3,519.13,790.31,285.42,698.45,595.62,356.73,676.28,713.94,837.09,687.64,1050.1,383.13,915.74,815.98,391.16,1160,30.157,449.71,756.38,874.8,540.48,543.66,726.65,965.59,1069.3,391.88,958.96,139.93,811.36,858.77,1014.6,1119.2,805.45,266.46,1081.7,859.31,757.34,784.33,966.09
395.13,283.82,309.49,340.65,744.75,431.33,473.28,693.49,723.02,493.1,797.1,395.86,778.46,261.79,225.43,760.59,185.06,371.81,41.908,595.54,786.87,236.08,628.33,664.19,307.05,431.11,352.78,155.55,366.12,248.86,737.58,259.98,781.52,0,615.95,177.74,552.89,590.81,720.63,144.43,304.51,522.99,427.45,643.1,300.05,683.69,528.16,122.25,304.22,318.31,448.8,441.36,221.25,363.3,342.54,298.06,442.96,481.49,498.42,363.74,420.85,686.64,576.86,276.81,411.76,615.47,286.26,350.66,595.66,184.9,637.22,515.92,845.32,438.42,396.31,508.31,302.46,791.23,136.63,168.2,779.84,425.42,753.9,332.43,281.04,315.76,439.7,691.02,127.02,220.04,297.62,609.33,301.67,823.98,245.65,375.54,233.13,553.8,638.88,630.64,465.18,768.36,573.29,209.11,621.72
812.6,865.02,871.04,275.72,197.67,604.52,545.35,711.05,108.34,139.94,270.68,432.9,166.41,853.69,604.19,320.9,791.09,779.76,609.41,1156.6,247.67,423.39,1160.3,71.541,384.42,573.35,880.28,460.68,895.52,367.4,159.49,826.45,188.59,615.95,0,744.23,1099.5,502.35,242.32,492.36,737.55,180.78,921.8,167.52,685.8,150.62,929.11,727.47,666.96,520.73,428.55,887.44,606.62,975.68,675.09,912.17,1029.1,213.59,864.66,319.59,810.09,97.195,883.95,696.95,257.66,174.29,381.4,687.05,270.5,515.72,438.06,171.17,560.08,637.04,648.83,507.53,870.71,306.29,752.28,674.81,306.66,977.48,158.45,286.05,568.43,756.39,468.57,402.9,579.54,787.33,894.92,234.85,826.7,209.61,624.86,754.52,848.24,930.79,635.09,115.38,893.4,703.36,581.74,652.38,785.29
247.7,317.95,135.1,472.85,893.82,384.28,452.44,639.85,846.88,610.06,885.03,423.59,910.38,286.17,392.05,829.01,210.02,233.75,155.26,425.94,879.28,324.48,452.39,800.66,381.14,397.53,175.3,299.48,188.43,392.16,880.37,319.46,921.67,177.74,744.23,0,378.75,591.56,803.92,316.42,437.35,619.51,506.54,796.44,201.59,785.02,370.07,80.538,459.31,494.81,626.02,277.26,387.32,312.78,498.46,202.64,285.38,639.53,623.79,529.87,280.52,801.61,443.5,168.36,507.77,770.65,455.3,504.45,761.93,235.9,661.14,616.31,861.58,606.14,326.63,502.78,130.74,868.26,146.18,308.2,854.89,250.78,892.69,475.87,257.62,443.12,617.43,729.59,300.98,44.926,154.56,687.12,386.08,945.28,189.58,513.81,160.8,400.61,601.61,736.26,304.4,729.68,546.17,362.17,531.03
325.11,548.39,243.92,838.62,1262.5,589.32,675.36,765.19,1196,960.58,1196.2,712.36,1265.4,520.89,745.92,1119.9,491.25,351.96,533.95,66.599,1195.7,677.29,80.073,1161.2,717.46,618.02,219.36,675.55,204.09,765.4,1244.6,578.42,1283.4,552.89,1099.5,378.75,0,816.99,1113.5,694.7,748.38,952.51,736.88,1168.6,427.78,1114.6,298.1,434.84,794.63,861.3,1001,257.39,740.82,422.81,832.05,338.99,151.64,1015.1,903.87,908.3,349.31,1143.8,429.93,408.5,847.71,1144,834.04,834.77,1140,585,909.2,952.92,1078.5,952.52,519.87,735.51,250.43,1167.5,464.36,645.58,1152.4,127.97,1253.7,847.09,543.29,746.94,989.17,990.06,667.84,334.31,276.26,997.52,651.45,1289.9,478.25,822.78,382.53,332.24,764.8,1072,273.4,868.44,737.69,703.93,603.47
492.07,868.33,661.66,438.05,699.01,229.05,144.93,208.72,545.07,400.49,437.4,199.1,624.63,841.91,744.87,336.08,759.55,467.16,554.88,883.2,447.89,379.42,851.18,572.33,315.52,203.78,630.17,496.08,642.35,476.79,655.93,849.58,672,590.81,502.35,591.56,816.99,0,364.58,574.84,868.32,326.99,1016,657.53,414.1,416.41,555.46,632.46,834.13,747.89,761.79,561.15,743.62,902.56,863.34,793.81,815.52,596.33,1053.3,596.87,468.66,479.29,460.58,444.82,320,652.18,588.68,874.99,721.27,405.92,99.906,340.3,271.52,900.09,299.18,88.924,669.78,390.93,694.31,744.01,374.86,726.71,644.58,477.91,334.6,883.82,786.6,183.56,657.8,615.81,731.47,281.28,891.43,604.1,402.31,924.4,749.59,539.91,133.48,405.55,550.87,217.71,95.914,762.37,311.36
797.16,996.95,912.39,407.2,399.56,545.52,465.5,559.75,219.11,258.97,82.673,401.18,289.69,979.16,774.71,79.02,905.54,766.57,700.75,1176.6,85.264,489.35,1161.9,288.69,424.42,513.15,902.89,572.68,917.34,496.57,348.93,964.44,347.37,720.63,242.32,803.92,1113.5,364.58,0,629.7,911.57,200.56,1089.7,405.24,685.86,93.109,889.54,811.29,850.51,717.02,653.21,872.33,775.93,1081.1,866.18,996.04,1074.7,438.91,1062.2,516.76,783.73,162.85,812.98,707.27,309,415.75,557.61,878.55,512.79,569.58,271.69,210.8,330.2,850.05,607.42,410.43,915.94,74.676,853.53,822.63,68.775,1003.6,326.28,437.1,572.63,930.04,690.77,203.96,723.99,841.4,958.26,117.34,980.52,247.86,641.92,942.66,937.63,881.18,492.04,133.12,869.92,523.32,459.3,814.43,675.45
503.84,374.14,450.78,226.17,606.21,467.52,484.67,715.61,600.66,382.83,700.4,376.72,649.82,361.47,170.03,680.45,300.36,475.91,161.45,739.06,686.91,195.76,768.81,533.93,261,457.13,488.32,79.385,502.42,133.38,602.57,337.82,647.71,144.43,492.36,316.42,694.7,574.84,629.7,0,297.81,429.21,464.4,502.99,388.68,579.35,639.73,266.67,259.47,206.69,313.12,560.5,168.8,485.77,290.21,436.75,587.39,340.16,478.58,219.77,523.23,571.56,666.75,374.73,327.03,474.63,141.89,301.47,451.33,207.63,599.19,419.11,804.82,350.66,453.02,503.98,444.72,703.28,270.37,193,693.78,566.82,621.14,206.81,325.87,314.71,310.3,638.07,94.497,360.46,441.94,527.27,351.04,701.96,321.34,349.68,371.15,660.5,650.71,524.46,580.83,775.25,581.16,192.94,676.49
682.15,223.61,534.18,505.18,796.35,732.51,765.83,992.15,842.92,654.79,976.01,669.23,874.83,240.3,136.86,968.63,257.72,663.53,346.42,769.74,959.55,489.65,828.46,760.48,557.7,729.18,596.95,373.87,606.34,421.83,809.02,181.46,856.29,304.51,737.55,437.35,748.38,868.32,911.57,297.81,0,713.84,184.86,691.85,601.68,849.98,807.42,356.95,80.465,230.38,380.96,714.13,135.74,380.49,100.8,413.77,604.91,539.85,193.92,419.07,712.22,828.21,872.99,575.64,619.54,661.33,358.49,97.327,596.29,474.41,896.8,701.9,1102.6,226.34,700.63,792.8,521.68,986.14,299.1,136.6,978.13,635.12,834.85,474.59,582.37,18.84,346.74,935.31,210.52,464.51,473.63,816.61,125.71,941.01,550.1,76.873,365.97,837.63,933.04,794.79,741.68,1060.8,865.09,105.98,926.22
650.8,796.98,736.53,208.68,378.16,427.76,365.19,534.71,251.75,82.871,274.26,258.58,328.79,779.76,577.14,255.16,707.35,618.44,505.6,1012.8,264.08,297.22,1008,252.3,239.35,395.96,735.84,372.89,750.82,296.23,339.7,764.05,364.33,522.99,180.78,619.51,952.51,326.99,200.56,429.21,713.84,0,890.31,330.54,528.53,165.53,760.29,619.12,655.58,528.86,488.54,726.49,578.1,885.28,673.68,805.18,898.22,289.95,870.77,335.87,644.4,193.15,707.35,544.4,112.71,325.91,365.08,686.08,401.49,383.64,276.34,15.709,437.99,669.56,476.64,326.81,738.43,274.11,657.46,622.18,265,835.66,334.8,241.54,410.74,732.15,522.04,264.95,523.56,659.53,773.89,106.85,780.14,338.93,474.3,748.46,744.88,759.2,458.03,119.45,729.47,536.17,402.2,615.18,604.53
751.7,197.5,564.99,682.47,979.4,854.83,900.65,1118,1027.5,835.02,1156.3,818.39,1059.6,229.44,318.29,1143.7,296.76,740.08,466.52,742.24,1140.6,644.81,814.73,945.34,715.63,857.11,633.97,533.96,639.47,594.89,993.22,187.09,1040.5,427.45,921.8,506.54,736.88,1016,1089.7,464.4,184.86,890.31,0,875.38,698.05,1031.2,861.98,430.68,261.24,413.27,557.75,766.4,316.28,319.26,267.29,403.14,585.44,724.62,188.83,603.81,785.98,1011.7,948.89,667.49,791.23,844.91,541.52,258.2,776.46,611.3,1054.7,879.09,1262.5,372.77,811.97,935.11,550.7,1164,361.28,275.16,1155.3,643.52,1019.4,654.18,705.85,166.12,520.74,1099.8,370.63,519.16,484.17,990.82,126.32,1125.8,659.78,194.4,381.35,896.43,1065.7,975.96,796.28,1195.4,1000.7,275.24,1030.8
907.42,854.99,929.77,332.54,105.63,729.27,681.2,864.97,211.53,262.57,419.15,558.07,201.64,849.78,570.36,484.26,799.4,874.64,647.5,1220.7,394.02,498.95,1235.6,119.86,481.17,700.19,950.58,497.51,965.77,404.34,121.17,812.56,167.51,643.1,167.52,796.44,1168.6,657.53,405.24,502.99,691.85,330.54,875.38,0,777.81,312.14,1032.9,763.35,614.15,462.11,331.78,979.49,573.96,984.01,612.71,939.5,1079.8,163.33,786.81,289.14,910.79,245.77,1004.2,782.62,373.07,30.524,366.71,623.56,124.17,588.32,600.79,317.42,727.36,546.74,763.66,651.12,926.9,463.06,773.35,659.63,465.8,1042.3,151.68,321.54,665.46,710.19,373.15,569.83,574.67,841.2,937.82,400.59,797.84,282.66,710.92,691.96,873.95,1039.7,788.13,282.76,989.81,864.66,730.21,624.32,924.06
129.69,516.33,247.6,447.02,862.6,191.07,269.5,439.08,776.58,545.87,768.52,284.74,849.32,485.23,521.94,694.8,405.76,97.111,259.04,490.82,767.94,280.59,479.74,751.69,301.93,211.02,220.63,331.2,234.22,397.58,838.25,512.63,873.41,300.05,685.8,201.59,427.78,414.1,685.86,388.68,601.68,528.53,698.05,777.81,0,688.36,260.61,268.65,603.9,594.17,692.3,202.39,518.2,509.77,641.87,392.75,403.02,639.96,794.77,558,138.54,721.31,279.62,33.725,428.94,757.09,498.72,650.33,775.12,199.72,496.52,530.31,685.26,729.95,127.09,326.31,256.07,741.01,338.47,465.29,726.15,320.64,843.3,466.61,118.01,611.24,695.59,573.25,420.36,212.24,321.52,569.75,573.69,867.37,70.613,674.62,360.65,275.67,405.03,647.64,212.17,531.18,354.95,509.15,332.87
807.1,952.05,901.56,353.22,310.22,568.85,495.48,620.64,134.28,197.02,127.98,409.12,211.21,936.63,713.61,172.12,866.72,775.29,668.55,1175.7,109.63,462.19,1168,195.91,404.72,536.25,899.18,530.6,914.06,446.47,260.52,917.02,264.59,683.69,150.62,785.02,1114.6,416.41,93.109,579.35,849.98,165.53,1031.2,312.14,688.36,0,909.71,783.28,784.91,645.75,570.54,882.89,715.3,1046.9,797.72,969.56,1063.4,354.72,991.87,443.28,797.77,72.005,844.69,706.1,277.64,323.04,492.11,809.99,420.93,549.17,333.53,169.39,420.35,772.8,624.9,446.1,903.66,156.15,819.31,770.49,156.05,999.36,240.76,377.57,571.46,868.68,609.23,279.12,672.21,825.04,939.37,136.67,927.09,190.33,637.11,875.69,908.62,905.17,548.71,55.301,883.69,595.37,506.84,756.83,721.07
135.93,665.31,301.22,704.97,1113.4,344.03,426.22,472.4,1012,790.51,970.32,502.36,1088.1,632.99,753.04,881.03,569.02,165.39,492.03,362.4,974.55,539.7,308.11,997.62,552.24,376.4,231.84,588.97,230.13,658.18,1085.5,677.49,1117.7,528.16,929.11,370.07,298.1,555.46,889.54,639.73,807.42,760.29,861.98,1032.9,260.61,909.71,0,450.5,826.46,840.59,949.03,95.577,748.68,596.74,865.55,478.7,372.45,899.39,992.54,818.4,122.81,952.42,132.03,266.62,671.98,1013.5,757.49,872.24,1035.1,460.24,653.58,764.88,801.84,966.58,284.85,484.82,315.82,932.94,512.28,677.12,917.12,270.23,1087.6,726.34,367.55,812.98,949.68,737.2,654.93,346.18,390.66,779.92,748.52,1096.3,331.08,883.86,482.5,38.424,481.51,875.95,66.119,575.59,466.55,729.15,307.26
327.64,248.43,194.49,452.01,864,439.4,499.5,700.22,833.08,598.96,890.52,451.14,891.94,218.08,318.1,843.53,137.26,312.2,118.16,474.86,882.52,322.42,511.87,779.1,387.55,448.17,247.43,268.87,259.02,363.83,854.89,244.32,898.02,122.25,727.47,80.538,434.84,632.46,811.29,266.67,356.95,619.12,430.68,763.35,268.65,783.28,450.5,0,381.21,427.53,566.51,357.3,313.2,274.92,420.3,186.37,320.75,602.57,543.37,485.9,359.73,792.67,522.45,237.25,506.42,736.12,408.51,425.85,717.91,245.06,693.64,613.95,898.5,531.06,388.13,544.94,185.51,878.95,69.829,229.28,866.45,308.7,869.87,448.35,299.71,362.59,554.37,756.6,233.36,111.05,175.46,696.36,308.18,933.25,240.18,433.49,126.37,481.14,656.32,732.03,384.74,785.79,596.8,284.56,601.39
696.36,293.21,569.24,447.69,718.17,716.91,741.68,971.42,770.96,592.01,911.97,636.19,799.92,305,89.778,910.71,305.45,674.69,344.86,821.07,894.51,455.23,874.44,686.51,519.39,710.07,627.72,338.7,638.49,371.12,732.25,248.87,779.5,304.22,666.96,459.31,794.63,834.13,850.51,259.47,80.465,655.58,261.24,614.15,603.9,784.91,826.46,381.21,0,152.04,300.52,735.76,91.728,448.86,39.154,467.81,656.25,464.95,220.46,347.4,723.77,759.37,881.02,581.01,567.34,583.68,293.22,46.441,516.54,454.88,854.67,642.85,1057.8,160.1,692.21,763.19,557.85,925.18,333.3,152.36,917.95,676.22,758.74,414.23,568.94,97.568,266.37,887.52,187.87,491.99,518.37,760.3,202.88,867.93,546.09,93.31,413.81,854.3,908.49,730.03,761.76,1034,839.32,97.338,918.59
705.28,418.45,621.89,327.98,566.23,668.7,676.44,907.6,622.75,458.42,773.63,557.34,648.95,422.11,127.39,781.79,397.17,678.71,350.02,897.11,754.82,383.09,939.07,536.44,435.26,655.4,670.08,277.35,682.98,271.1,580.33,373.56,627.57,318.31,520.73,494.81,861.3,747.89,717.02,206.69,230.38,528.86,413.27,462.11,594.17,645.75,840.59,427.53,152.04,0,158.29,757.29,132.32,566.2,154.57,558.86,735.91,314.51,346.12,202.78,726.77,615.03,872.99,578.38,453.75,431.64,165.98,166.41,366.64,412.92,753.55,514.94,949.53,152.42,658.54,687.04,613.02,791.37,401.14,233.89,785.41,736.08,607.06,290.08,531.17,248.48,133.16,775.87,194.4,535.1,590.71,635.47,343.73,718.41,527.7,234.33,497.11,863.25,838.68,591.72,779.6,958.17,768.6,182.26,880.2
813.24,576.74,758.17,323.96,430.46,729.61,718.9,943.73,518.96,407.85,696.7,590.27,530.08,580.17,285.12,725.82,551.78,783.95,473.03,1040.9,674.9,439.65,1077,426.07,471.64,710.29,799.96,361.11,813.76,311.5,452.93,531.82,499.16,448.8,428.55,626.02,1001,761.79,653.21,313.12,380.96,488.54,557.75,331.78,692.3,570.54,949.03,566.51,300.52,158.29,0,872.58,289.92,723.94,290.54,711.24,882.58,216,455.3,164.98,829.84,525.75,963.8,682.49,444.57,302.62,196.37,300.15,220.81,496.26,746.46,473.08,925.82,215.19,733.82,716.25,750.7,724.69,549.22,390.46,721.67,873.93,482.78,284.52,609.22,397.95,41.505,751.57,336.16,668.83,736.29,593.09,499.58,606.62,622.35,367.21,647.98,967.48,869.86,520.92,891.91,978.85,801.03,340.41,943.73
75.799,569.79,207.03,647.8,1065,335.59,421.58,513.07,976.4,747.59,954.48,474.19,1050.1,537.45,664.73,872.32,473.66,108.09,407.3,323.98,956.21,481.01,291.71,953.8,504.15,365.73,138.37,516.11,138.7,592.15,1040.5,581.98,1075.4,441.36,887.44,277.26,257.39,561.15,872.33,560.5,714.13,726.49,766.4,979.49,202.39,882.89,95.577,357.3,735.76,757.29,872.58,0,660.23,504.81,774.9,385.52,297.19,838.7,898.03,749.71,92.49,919.64,204.85,197.93,630.07,958.27,684.76,781.21,972.34,395.17,655.09,729.26,821.11,878.87,267.74,481.81,221.61,921.84,417.7,585.31,906.39,194.3,1045.2,665.32,319.01,719.23,870.7,737.04,568.38,251.29,297.53,758.66,653.16,1065.3,268.73,790.76,387.17,130.94,508.22,844.77,30.571,615.75,480.39,638.44,358.02
616.29,288.37,506.54,369.43,679.48,625.72,649.96,879.72,713.18,519.58,840.92,545.28,749.25,290.34,5.1641,832.92,266.21,593.01,260.17,773.09,824.78,364.35,819.69,633.71,429.61,618.51,560.32,247.67,572.17,287.03,687.74,243.91,734.84,221.25,606.62,387.32,740.82,743.62,775.93,168.8,135.74,578.1,316.28,573.96,518.2,715.3,748.68,313.2,91.728,132.32,289.92,660.23,0,434.04,126.15,429.1,610.12,416.19,309.78,291.56,642.03,695.59,796.85,496.92,484.65,543.54,225.51,136.24,489.49,363.54,766.64,566.16,971.09,218.92,602.48,671.85,496.4,850.48,276.79,101.99,842.41,618.05,711.87,339.1,478.34,154.12,265.21,802.25,98.331,423.85,466.72,681.03,224.14,812.43,458.22,180.91,368.89,774.9,816.79,660.05,685.01,942.51,747.67,51.439,828.7
514.3,156.88,299.36,702.13,1088.7,696.61,764.96,948.46,1083.5,856.08,1158.9,725.63,1135.3,144.92,438.89,1116.5,185.44,514.16,380.37,423.58,1149.3,592.14,498.76,1019.6,659.87,710.31,366.52,517.99,366.74,608.74,1087.7,200.15,1133.2,363.3,975.68,312.78,422.81,902.56,1081.1,485.77,380.49,885.28,319.26,984.01,509.77,1046.9,596.74,274.92,448.86,566.2,723.94,504.81,434.04,0,479.09,121.45,271.56,820.78,498.34,695.15,551.37,1049.3,705.69,476.05,773.27,954.63,617.3,477.31,915.18,519.51,967.47,878.69,1171,605.89,636.66,814.1,285.17,1150.3,227.83,334.16,1138.2,345.44,1106.8,689.84,567.97,372.12,698.39,1031.4,409.57,297.9,207.91,967.68,260.18,1184.8,501.95,443.72,152.97,634.29,913.54,993.94,535.29,1040.8,858.92,384.11,826.53
735.27,322.47,607.89,467.31,715.47,751.7,774.26,1004.6,777.31,607.22,925.33,666.25,802.57,336.6,123.36,928.38,341.89,713.43,382.91,857.53,907.11,485.54,911.94,690.69,547.98,744.05,666.68,369.59,677.38,395.21,732.19,279.04,779.32,342.54,675.09,498.46,832.05,863.34,866.18,290.21,100.8,673.68,267.29,612.71,641.87,797.72,865.55,420.3,39.154,154.57,290.54,774.9,126.15,479.09,0,503.3,692.61,468.76,197.28,356.24,762.52,768.97,919.4,619.34,589.36,582.43,308.94,12.4,510.01,489.45,880.72,660.47,1082.3,126.85,728.5,794.08,596.39,940.78,371.73,191.29,934.11,714.32,759.69,432.22,604.49,114.07,253.53,910.89,224.01,531.04,555.82,779.29,226.51,872.78,583.33,79.869,450.55,893.29,940.7,743.24,800.88,1065.5,871.27,136.47,954.77
